pi = 3.14159265358979310000
G = 3.14159265403068800000, diff = 0.00000000044089478401
