pi = 3.14159265358979311600
G = 3.14159265368114004602, diff = 0.00000000009134693002
